<!DOCTYPE html>
<html lang="en"><head>
<script src="Muestreo_files/libs/clipboard/clipboard.min.js"></script>
<script src="Muestreo_files/libs/quarto-html/tabby.min.js"></script>
<script src="Muestreo_files/libs/quarto-html/popper.min.js"></script>
<script src="Muestreo_files/libs/quarto-html/tippy.umd.min.js"></script>
<link href="Muestreo_files/libs/quarto-html/tippy.css" rel="stylesheet">
<link href="Muestreo_files/libs/quarto-html/light-border.css" rel="stylesheet">
<link href="Muestreo_files/libs/quarto-html/quarto-syntax-highlighting-cdaacfc258cb6f151192107f105ac881.css" rel="stylesheet" id="quarto-text-highlighting-styles"><meta charset="utf-8">
  <meta name="generator" content="quarto-1.9.12">

  <meta name="author" content="Cesar Fabian Tiguaque Castellanos">
  <title>Muestreo para estudios de cohorte y casos y controles</title>
  <meta name="apple-mobile-web-app-capable" content="yes">
  <meta name="apple-mobile-web-app-status-bar-style" content="black-translucent">
  <meta name="viewport" content="width=device-width, initial-scale=1.0, maximum-scale=1.0, user-scalable=no, minimal-ui">
  <link rel="stylesheet" href="Muestreo_files/libs/revealjs/dist/reset.css">
  <link rel="stylesheet" href="Muestreo_files/libs/revealjs/dist/reveal.css">
  <style>
    code{white-space: pre-wrap;}
    span.smallcaps{font-variant: small-caps;}
    div.columns{display: flex; gap: min(4vw, 1.5em);}
    div.column{flex: auto; overflow-x: auto;}
    div.hanging-indent{margin-left: 1.5em; text-indent: -1.5em;}
    ul.task-list{list-style: none;}
    ul.task-list li input[type="checkbox"] {
      width: 0.8em;
      margin: 0 0.8em 0.2em -1em; /* quarto-specific, see https://github.com/quarto-dev/quarto-cli/issues/4556 */ 
      vertical-align: middle;
    }
    /* CSS for syntax highlighting */
    html { -webkit-text-size-adjust: 100%; }
    pre > code.sourceCode { white-space: pre; position: relative; }
    pre > code.sourceCode > span { display: inline-block; line-height: 1.25; }
    pre > code.sourceCode > span:empty { height: 1.2em; }
    .sourceCode { overflow: visible; }
    code.sourceCode > span { color: inherit; text-decoration: inherit; }
    div.sourceCode { margin: 1em 0; }
    pre.sourceCode { margin: 0; }
    @media screen {
    div.sourceCode { overflow: auto; }
    }
    @media print {
    pre > code.sourceCode { white-space: pre-wrap; }
    pre > code.sourceCode > span { text-indent: -5em; padding-left: 5em; }
    }
    pre.numberSource code
      { counter-reset: source-line 0; }
    pre.numberSource code > span
      { position: relative; left: -4em; counter-increment: source-line; }
    pre.numberSource code > span > a:first-child::before
      { content: counter(source-line);
        position: relative; left: -1em; text-align: right; vertical-align: baseline;
        border: none; display: inline-block;
        -webkit-touch-callout: none; -webkit-user-select: none;
        -khtml-user-select: none; -moz-user-select: none;
        -ms-user-select: none; user-select: none;
        padding: 0 4px; width: 4em;
        color: #aaaaaa;
      }
    pre.numberSource { margin-left: 3em; border-left: 1px solid #aaaaaa;  padding-left: 4px; }
    div.sourceCode
      { color: #003b4f; background-color: #f1f3f5; }
    @media screen {
    pre > code.sourceCode > span > a:first-child::before { text-decoration: underline; }
    }
    code span { color: #003b4f; } /* Normal */
    code span.al { color: #ad0000; } /* Alert */
    code span.an { color: #5e5e5e; } /* Annotation */
    code span.at { color: #657422; } /* Attribute */
    code span.bn { color: #ad0000; } /* BaseN */
    code span.bu { } /* BuiltIn */
    code span.cf { color: #003b4f; font-weight: bold; } /* ControlFlow */
    code span.ch { color: #20794d; } /* Char */
    code span.cn { color: #8f5902; } /* Constant */
    code span.co { color: #5e5e5e; } /* Comment */
    code span.cv { color: #5e5e5e; font-style: italic; } /* CommentVar */
    code span.do { color: #5e5e5e; font-style: italic; } /* Documentation */
    code span.dt { color: #ad0000; } /* DataType */
    code span.dv { color: #ad0000; } /* DecVal */
    code span.er { color: #ad0000; } /* Error */
    code span.ex { } /* Extension */
    code span.fl { color: #ad0000; } /* Float */
    code span.fu { color: #4758ab; } /* Function */
    code span.im { color: #00769e; } /* Import */
    code span.in { color: #5e5e5e; } /* Information */
    code span.kw { color: #003b4f; font-weight: bold; } /* Keyword */
    code span.op { color: #5e5e5e; } /* Operator */
    code span.ot { color: #003b4f; } /* Other */
    code span.pp { color: #ad0000; } /* Preprocessor */
    code span.sc { color: #5e5e5e; } /* SpecialChar */
    code span.ss { color: #20794d; } /* SpecialString */
    code span.st { color: #20794d; } /* String */
    code span.va { color: #111111; } /* Variable */
    code span.vs { color: #20794d; } /* VerbatimString */
    code span.wa { color: #5e5e5e; font-style: italic; } /* Warning */
  </style>
  <link rel="stylesheet" href="Muestreo_files/libs/revealjs/dist/theme/quarto-534cd8e3a96973385dffff3f4709048d.css">
  <link href="Muestreo_files/libs/revealjs/plugin/quarto-line-highlight/line-highlight.css" rel="stylesheet">
  <link href="Muestreo_files/libs/revealjs/plugin/reveal-menu/menu.css" rel="stylesheet">
  <link href="Muestreo_files/libs/revealjs/plugin/reveal-menu/quarto-menu.css" rel="stylesheet">
  <link href="Muestreo_files/libs/revealjs/plugin/quarto-support/footer.css" rel="stylesheet">
  <style type="text/css">
    .reveal div.sourceCode {
      margin: 0;
      overflow: auto;
    }
    .reveal div.hanging-indent {
      margin-left: 1em;
      text-indent: -1em;
    }
    .reveal .slide:not(.center) {
      height: 100%;
    }
    .reveal .slide.scrollable {
      overflow-y: auto;
    }
    .reveal .footnotes {
      height: 100%;
      overflow-y: auto;
    }
    .reveal .slide .absolute {
      position: absolute;
      display: block;
    }
    .reveal .footnotes ol {
      counter-reset: ol;
      list-style-type: none; 
      margin-left: 0;
    }
    .reveal .footnotes ol li:before {
      counter-increment: ol;
      content: counter(ol) ". "; 
    }
    .reveal .footnotes ol li > p:first-child {
      display: inline-block;
    }
    .reveal .slide ul,
    .reveal .slide ol {
      margin-bottom: 0.5em;
    }
    .reveal .slide ul li,
    .reveal .slide ol li {
      margin-top: 0.4em;
      margin-bottom: 0.2em;
    }
    .reveal .slide ul[role="tablist"] li {
      margin-bottom: 0;
    }
    .reveal .slide ul li > *:first-child,
    .reveal .slide ol li > *:first-child {
      margin-block-start: 0;
    }
    .reveal .slide ul li > *:last-child,
    .reveal .slide ol li > *:last-child {
      margin-block-end: 0;
    }
    .reveal .slide .columns:nth-child(3) {
      margin-block-start: 0.8em;
    }
    .reveal blockquote {
      box-shadow: none;
    }
    .reveal .tippy-content>* {
      margin-top: 0.2em;
      margin-bottom: 0.7em;
    }
    .reveal .tippy-content>*:last-child {
      margin-bottom: 0.2em;
    }
    .reveal .slide > img.stretch.quarto-figure-center,
    .reveal .slide > img.r-stretch.quarto-figure-center {
      display: block;
      margin-left: auto;
      margin-right: auto; 
    }
    .reveal .slide > img.stretch.quarto-figure-left,
    .reveal .slide > img.r-stretch.quarto-figure-left  {
      display: block;
      margin-left: 0;
      margin-right: auto; 
    }
    .reveal .slide > img.stretch.quarto-figure-right,
    .reveal .slide > img.r-stretch.quarto-figure-right  {
      display: block;
      margin-left: auto;
      margin-right: 0; 
    }
  </style>
  <link href="Muestreo_files/libs/htmltools-fill-0.5.8/fill.css" rel="stylesheet">

  <script src="Muestreo_files/libs/htmlwidgets-1.6.4/htmlwidgets.js"></script>

  <script src="Muestreo_files/libs/plotly-binding-4.10.4/plotly.js"></script>

  <script src="Muestreo_files/libs/typedarray-0.1/typedarray.min.js"></script>

  <script src="Muestreo_files/libs/jquery-3.5.1/jquery.min.js"></script>

  <link href="Muestreo_files/libs/crosstalk-1.2.1/css/crosstalk.min.css" rel="stylesheet">

  <script src="Muestreo_files/libs/crosstalk-1.2.1/js/crosstalk.min.js"></script>

  <link href="Muestreo_files/libs/plotly-htmlwidgets-css-2.11.1/plotly-htmlwidgets.css" rel="stylesheet">

  <script src="Muestreo_files/libs/plotly-main-2.11.1/plotly-latest.min.js"></script>

</head>
<body class="quarto-light">
  <div class="reveal">
    <div class="slides">

<section id="title-slide" class="quarto-title-block center">
  <h1 class="title">Muestreo para estudios de cohorte y casos y controles</h1>

<div class="quarto-title-authors">
<div class="quarto-title-author">
<div class="quarto-title-author-name">
Cesar Fabian Tiguaque Castellanos 
</div>
</div>
</div>

</section>
<section id="contenido" class="slide level2 scrollable">
<h2>Contenido</h2>
<ol type="1">
<li><p>Introducción</p></li>
<li><p>¿ Que es el muestreo en estadística?</p></li>
<li><p>Tipo de muestreo</p></li>
<li><p>Muestreo en estudios de cohorte</p></li>
<li><p>Muestreo en estudios de casos y controles</p></li>
<li><p>Ejercicio en clase.</p></li>
</ol>
</section>
<section id="introducción" class="slide level2 scrollable">
<h2>Introducción</h2>
<p align="justify">
</p><p>La importancia del muestreo en epidemiologia es fundamental, ya que permite estudiar poblaciones grandes, de tal manera que al realizar muestreo se puede asegurar estadisticamente este tendra las siguientes caracteristicas.</p>
<ul>
<li><p>Permite estudiar poblaciones grandes de forma eficiente</p></li>
<li><p>Hace posible obtener estimaciones válidas y representativas</p></li>
<li><p>Reduce sesgos</p></li>
<li><p>Permite medir prevalencia e incidencia</p></li>
<li><p>Ayuda en la vigilancia epidemiológica</p></li>
<li><p>Optimiza recursos</p></li>
<li><p>Permite generalizar los resultados</p></li>
<li><p>Permite estimar la precisión (error y confianza)</p></li>
</ul>
<p>En resumen el muestreo permite hacer estudios <strong>eficientes, validos y con recursos limitados</strong></p>
<p></p>
</section>
<section id="que-es-el-muestreo-en-estadística" class="slide level2">
<h2>¿Que es el muestreo en estadística?</h2>
<p align="justify">
</p><p>El muestreo en estadística es el proceso de seleccionar un grupo representativo de una población mas grande para analizarla y en algunos casos realizar inferencia sobre la población. La muestra debe ser finita, manejable y elegida preferentemente aleatoriamente para minimizar sesgos y garantizar fiabilidad en las estimaciones.</p>
<p></p>
</section>
<section id="tipos-de-muestro" class="slide level2 scrollable">
<h2>Tipos de muestro</h2>
<ol type="1">
<li><p>Muestreo probabilístico: ( Marco muestral)</p>
<ul>
<li><p>Muestreo aleatorio simple: Todos los individuos tienen la misma probabilidad de ser elegidos.</p></li>
<li><p>Muestreo sistemático: Se selecciona cada k individuo después de un punto inicial aleatorio.</p></li>
<li><p>Muestreo estratificado: Se divide la población en estratos homogéneos. despues se toma una muestra.</p></li>
<li><p>Muestreo por conglomerados: La población se divide en grupos (colegios, barrios, empresas, facultades.etc).</p></li>
<li><p>Muestreo multietápico: Combinación de varios tipos de muestreo.</p></li>
</ul></li>
<li><p>Muestreo no probabilístico</p>
<ul>
<li><p>Muestreo por conveniencia: Se elige lo disponible.</p></li>
<li><p>Muestreo dirigido: Selección de individuos con características específicas.</p></li>
<li><p>Muestreo por cuotas: Se fija cuántas personas se necesitan por grupo (edad, sexo, etc.), pero se selecciona de forma no aleatoria.</p></li>
<li><p>Muestreo bola de nieve: Un participante refiere a otros.</p></li>
</ul></li>
</ol>
</section>
<section>
<section id="muestreo-en-estudios-de-cohorte" class="title-slide slide level1 center">
<h1>Muestreo en estudios de cohorte</h1>

</section>
<section id="características-del-diseño-en-un-estudio-de-cohortes" class="slide level2 smaller">
<h2>Características del diseño en un estudio de cohortes</h2>
<p>Es un estudio observacional y longitudinal que investiga la presencia o ausencia de la exposición de interes, además la ocurrencia del evento se puede determinar de manera prospectiva o retrospectiva.</p>

<img data-src="figuras/C1.png" class="quarto-figure quarto-figure-center r-stretch" style="width:41.1cm"></section></section>
<section>
<section id="elección-del-tamaño-muestral" class="title-slide slide level1 center">
<h1>Elección del tamaño muestral</h1>

</section>
<section id="contexto-para-el-cálculo-de-muestras" class="slide level2">
<h2>Contexto para el cálculo de muestras</h2>
<ol type="1">
<li>Si el objetivo es estimar el RR con una precisión relativa especificada.</li>
<li>Si el objetivo es probar que el RR es estadísticamente diferente de 1.</li>
<li>Si el objetivo es comparar dos tasas de incidencia.</li>
</ol>
</section>
<section id="estimar-el-riesgo-relativo-con-una-precisión-relativa-especificada" class="slide level2 scrollable">
<h2>Estimar el riesgo relativo con una precisión relativa especificada</h2>
<ol type="a">
<li>Dos de las siguientes proposiciones:</li>
</ol>
<ul>
<li><p>Probabilidad anticipada de enfermar en personas expuestas al factor de interés: <span class="math inline">\(P_1\)</span></p></li>
<li><p>Probabilidad anticipada de enfermar en personas no expuestas al factor de interés: <span class="math inline">\(P_2\)</span></p></li>
<li><p>Riesgo Relativo anticipado: <span class="math inline">\(RR=P_1 / P_2\)</span></p></li>
</ul>
<ol start="2" type="a">
<li><p>Nivel de confianza: 100(1-α)%</p></li>
<li><p>Precisión relativa: ε</p></li>
</ol>
<p>Si cumple con lo anterior se puede calcular el tamaño de muestra n.</p>
<p><span class="math display">\[
n = \frac{Z_{1-\alpha/2}^2 \left[ \frac{1-P_1}{P_1} + \frac{1-P_2}{P_2} \right]}
{\ln^2 (1-\varepsilon)}
\]</span></p>
</section>
<section id="aplicación" class="slide level2 scrollable">
<h2>Aplicación</h2>
<div class="panel-tabset">
<ul id="tabset-1" class="panel-tabset-tabby"><li><a data-tabby-default="" href="#tabset-1-1">Ejemplo</a></li><li><a href="#tabset-1-2">Simulación de parámetros</a></li></ul>
<div class="tab-content">
<div id="tabset-1-1">
<p>Supongamos que queremos estudiar la posible asociación de un factor ambiental en la incidencia de una enfermedad respiratoria específica, si deseamos una precisión del <span class="math inline">\(10 \%\)</span>, tenemos dos poblaciones semejantes una no expuesta con <span class="math inline">\(P_2 = 0.2\)</span> y una expuesta con <span class="math inline">\(P_1 = 0.4\)</span></p>
<div class="cell">
<div class="code-copy-outer-scaffold"><div class="sourceCode cell-code" id="cb1"><pre class="sourceCode numberSource r number-lines code-with-copy"><code class="sourceCode r"><span id="cb1-1"><a href=""></a>alpha <span class="ot">&lt;-</span> <span class="fl">0.05</span></span>
<span id="cb1-2"><a href=""></a>P1 <span class="ot">&lt;-</span> <span class="fl">0.4</span></span>
<span id="cb1-3"><a href=""></a>P2 <span class="ot">&lt;-</span> <span class="fl">0.2</span></span>
<span id="cb1-4"><a href=""></a>epsilon <span class="ot">&lt;-</span> <span class="fl">0.10</span></span>
<span id="cb1-5"><a href=""></a></span>
<span id="cb1-6"><a href=""></a>n <span class="ot">&lt;-</span> (<span class="fu">qnorm</span>(<span class="dv">1</span> <span class="sc">-</span> alpha<span class="sc">/</span><span class="dv">2</span>)<span class="sc">^</span><span class="dv">2</span> <span class="sc">*</span> ((<span class="dv">1</span> <span class="sc">-</span> P1)<span class="sc">/</span>P1 <span class="sc">+</span> (<span class="dv">1</span> <span class="sc">-</span> P2)<span class="sc">/</span>P2)) <span class="sc">/</span> (<span class="fu">log</span>(<span class="dv">1</span> <span class="sc">-</span> epsilon)<span class="sc">^</span><span class="dv">2</span>)</span>
<span id="cb1-7"><a href=""></a>n</span></code></pre></div><button title="Copy to Clipboard" class="code-copy-button"><i class="bi"></i></button></div>
<div class="cell-output cell-output-stdout">
<pre><code>[1] 1903.282</code></pre>
</div>
</div>
<p>Se obtiene <span class="math inline">\(1903.28\)</span> para cada grupo.</p>
</div>
<div id="tabset-1-2">
<p>Se realiza la simulación de parámetros donde <span class="math inline">\(\alpha\)</span> y <span class="math inline">\(\varepsilon\)</span> son fijos, y <span class="math inline">\(P_1\)</span> y <span class="math inline">\(P_2\)</span> son variables.</p>
<ul>
<li>Para <span class="math inline">\(\alpha=0.05\)</span> y <span class="math inline">\(\varepsilon=0.1\)</span></li>
</ul>
<div class="cell">
<div class="cell-output-display">
<div class="plotly html-widget html-fill-item" id="htmlwidget-5d1c6c5de3a48d0bdc50" style="width:960px;height:480px;"></div>
<script type="application/json" data-for="htmlwidget-5d1c6c5de3a48d0bdc50">{"x":{"visdat":{"2b3052af5b64":["function () ","plotlyVisDat"]},"cur_data":"2b3052af5b64","attrs":{"2b3052af5b64":{"x":[0.050000000000000003,0.10000000000000001,0.15000000000000002,0.20000000000000001,0.25,0.29999999999999999,0.35000000000000003,0.40000000000000002,0.45000000000000001,0.5,0.55000000000000004,0.60000000000000009,0.65000000000000013,0.70000000000000007,0.75000000000000011,0.80000000000000004,0.85000000000000009,0.90000000000000013,0.94999999999999996],"y":[0.050000000000000003,0.10000000000000001,0.15000000000000002,0.20000000000000001,0.25,0.29999999999999999,0.35000000000000003,0.40000000000000002,0.45000000000000001,0.5,0.55000000000000004,0.60000000000000009,0.65000000000000013,0.70000000000000007,0.75000000000000011,0.80000000000000004,0.85000000000000009,0.90000000000000013,0.94999999999999996],"z":[[13149.947037472148,9689.4346591900048,8535.930533095956,7959.1784700489306,7613.1272322207169,7382.4264070019062,7217.640103274186,7094.0503754783949,6997.9250316372245,6921.0247565642885,6858.1063496864299,6805.6743439548836,6761.3088006435728,6723.2811920910217,6690.3239313454778,6661.4863281931275,6636.04138423517,6613.4236562725418,6593.1867417796639],[9689.4346591900048,6228.9222809078601,5075.4181548138122,4498.6660917667878,4152.6148539385731,3921.9140287197638,3757.1277249920427,3633.5379971962516,3537.4126533550807,3460.5123782821443,3397.5939714042875,3345.1619656727398,3300.7964223614299,3262.7688138088788,3229.8115530633349,3200.9739499109837,3175.5290059530266,3152.9112779903985,3132.6743634975201],[8535.930533095956,5075.4181548138122,3921.9140287197638,3345.1619656727398,2999.1107278445252,2768.4099026257159,2603.6235988979943,2480.0338711022032,2383.9085272610328,2307.0082521880963,2244.0898453102391,2191.6578395786914,2147.2922962673815,2109.2646877148309,2076.3074269692866,2047.4698238169353,2022.0248798589785,1999.4071518963499,1979.1702374034719],[7959.1784700489306,4498.6660917667878,3345.1619656727398,2768.4099026257159,2422.3586647975012,2191.6578395786914,2026.8715358509703,1903.2818080551797,1807.1564642140088,1730.2561891410721,1667.3377822632151,1614.9057765316672,1570.540233220358,1532.5126246678069,1499.5553639222626,1470.7177607699116,1445.2728168119547,1422.6550888493259,1402.4181743564479],[7613.1272322207169,4152.6148539385731,2999.1107278445252,2422.3586647975012,2076.3074269692866,1845.6066017504772,1680.8202980227559,1557.230570226965,1461.1052263857944,1384.2049513128579,1321.2865444350007,1268.854538703453,1224.4889953921436,1186.4613868395923,1153.5041260940482,1124.6665229416969,1099.2215789837398,1076.6038510211117,1056.3669365282337],[7382.4264070019062,3921.9140287197638,2768.4099026257159,2191.6578395786914,1845.6066017504772,1614.9057765316675,1450.1194728039461,1326.5297450081555,1230.4044011669848,1153.5041260940482,1090.5857192161909,1038.1537134846433,993.7881701733337,955.76056162078282,922.80330087523851,893.9656977228874,868.5207537649303,845.90302580230207,825.66611130942408],[7217.640103274186,3757.1277249920427,2603.6235988979943,2026.8715358509703,1680.8202980227559,1450.1194728039461,1285.3331690762247,1161.7434412804341,1065.6180974392635,988.71782236632691,925.79941548846966,873.36740975692203,829.00186644561256,790.97425789306146,758.01699714751715,729.17939399516604,703.73445003720906,681.11672207458059,660.87980758170272],[7094.0503754783949,3633.5379971962516,2480.0338711022032,1903.2818080551797,1557.230570226965,1326.5297450081555,1161.7434412804341,1038.1537134846433,942.02836964347262,865.12809457053606,802.20968769267881,749.77768196113118,705.4121386498216,667.38453009727061,634.42726935172641,605.5896661993753,580.14472224141821,557.52699427878986,537.29007978591176],[6997.9250316372245,3537.4126533550807,2383.9085272610328,1807.1564642140088,1461.1052263857944,1230.4044011669848,1065.6180974392635,942.02836964347262,845.90302580230207,769.00275072936552,706.08434385150815,653.65233811996063,609.28679480865094,571.25918625610007,538.30192551055575,509.46432235820458,484.01937840024766,461.40165043761925,441.16473594474132],[6921.0247565642885,3460.5123782821443,2307.0082521880963,1730.2561891410721,1384.2049513128579,1153.5041260940482,988.71782236632691,865.12809457053606,769.00275072936552,692.10247565642896,629.18406877857171,576.75206304702408,532.38651973571439,494.35891118316346,461.40165043761914,432.56404728526803,407.11910332731111,384.50137536468264,364.26446087180472],[6858.1063496864299,3397.5939714042875,2244.0898453102391,1667.3377822632151,1321.2865444350007,1090.5857192161909,925.79941548846966,802.20968769267881,706.08434385150815,629.18406877857171,566.26566190071446,513.83365616916683,469.46811285785725,431.44050430530621,398.483243559762,369.64564040741078,344.20069644945386,321.58296848682545,301.34605399394746],[6805.6743439548836,3345.1619656727398,2191.6578395786914,1614.9057765316672,1268.854538703453,1038.1537134846433,873.36740975692203,749.77768196113118,653.65233811996063,576.75206304702408,513.83365616916683,461.40165043761908,417.03610712630945,379.00849857375857,346.05123782821431,317.21363467586309,291.76869071790622,269.15096275527776,248.9140482623998],[6761.3088006435728,3300.7964223614299,2147.2922962673815,1570.540233220358,1224.4889953921436,993.7881701733337,829.00186644561256,705.4121386498216,609.28679480865094,532.38651973571439,469.46811285785725,417.03610712630945,372.67056381499998,334.64295526244899,301.68569451690473,272.84809136455362,247.40314740659656,224.78541944396818,204.54850495109022],[6723.2811920910217,3262.7688138088788,2109.2646877148309,1532.5126246678069,1186.4613868395923,955.76056162078282,790.97425789306146,667.38453009727061,571.25918625610007,494.35891118316346,431.44050430530621,379.00849857375857,334.64295526244899,296.61534670989801,263.6580859643538,234.82048281200261,209.37553885404566,186.75781089141722,166.52089639853924],[6690.3239313454778,3229.8115530633349,2076.3074269692866,1499.5553639222626,1153.5041260940482,922.80330087523851,758.01699714751715,634.42726935172641,538.30192551055575,461.40165043761914,398.483243559762,346.05123782821431,301.68569451690473,263.6580859643538,230.70082521880951,201.86322206645832,176.4182781085014,153.80055014587296,133.563635652995],[6661.4863281931275,3200.9739499109837,2047.4698238169353,1470.7177607699116,1124.6665229416969,893.9656977228874,729.17939399516604,605.5896661993753,509.46432235820458,432.56404728526803,369.64564040741078,317.21363467586309,272.84809136455362,234.82048281200261,201.86322206645832,173.02561891410718,147.58067495615023,124.96294699352181,104.72603250064384],[6636.04138423517,3175.5290059530266,2022.0248798589785,1445.2728168119547,1099.2215789837398,868.5207537649303,703.73445003720906,580.14472224141821,484.01937840024766,407.11910332731111,344.20069644945386,291.76869071790622,247.40314740659656,209.37553885404566,176.4182781085014,147.58067495615023,122.13573099819325,99.518003035564831,79.281088542686888],[6613.4236562725418,3152.9112779903985,1999.4071518963499,1422.6550888493259,1076.6038510211117,845.90302580230207,681.11672207458059,557.52699427878986,461.40165043761925,384.50137536468264,321.58296848682545,269.15096275527776,224.78541944396818,186.75781089141722,153.80055014587296,124.96294699352181,99.518003035564831,76.900275072936438,56.663360580058466],[6593.1867417796639,3132.6743634975201,1979.1702374034719,1402.4181743564479,1056.3669365282337,825.66611130942408,660.87980758170272,537.29007978591176,441.16473594474132,364.26446087180472,301.34605399394746,248.9140482623998,204.54850495109022,166.52089639853924,133.563635652995,104.72603250064384,79.281088542686888,56.663360580058466,36.426446087180508]],"colorscale":"Viridis","alpha_stroke":1,"sizes":[10,100],"spans":[1,20],"type":"surface"}},"layout":{"margin":{"b":40,"l":60,"t":25,"r":10},"title":"P1 vs P2 para epsilon= 0.1 y alpha= 0.05","scene":{"xaxis":{"title":"P1"},"yaxis":{"title":"P2"},"zaxis":{"title":"n"}},"hovermode":"closest","showlegend":false,"legend":{"yanchor":"top","y":0.5}},"source":"A","config":{"modeBarButtonsToAdd":["hoverclosest","hovercompare"],"showSendToCloud":false},"data":[{"colorbar":{"title":"","ticklen":2,"len":0.5,"lenmode":"fraction","y":1,"yanchor":"top"},"colorscale":"Viridis","showscale":true,"x":[0.050000000000000003,0.10000000000000001,0.15000000000000002,0.20000000000000001,0.25,0.29999999999999999,0.35000000000000003,0.40000000000000002,0.45000000000000001,0.5,0.55000000000000004,0.60000000000000009,0.65000000000000013,0.70000000000000007,0.75000000000000011,0.80000000000000004,0.85000000000000009,0.90000000000000013,0.94999999999999996],"y":[0.050000000000000003,0.10000000000000001,0.15000000000000002,0.20000000000000001,0.25,0.29999999999999999,0.35000000000000003,0.40000000000000002,0.45000000000000001,0.5,0.55000000000000004,0.60000000000000009,0.65000000000000013,0.70000000000000007,0.75000000000000011,0.80000000000000004,0.85000000000000009,0.90000000000000013,0.94999999999999996],"z":[[13149.947037472148,9689.4346591900048,8535.930533095956,7959.1784700489306,7613.1272322207169,7382.4264070019062,7217.640103274186,7094.0503754783949,6997.9250316372245,6921.0247565642885,6858.1063496864299,6805.6743439548836,6761.3088006435728,6723.2811920910217,6690.3239313454778,6661.4863281931275,6636.04138423517,6613.4236562725418,6593.1867417796639],[9689.4346591900048,6228.9222809078601,5075.4181548138122,4498.6660917667878,4152.6148539385731,3921.9140287197638,3757.1277249920427,3633.5379971962516,3537.4126533550807,3460.5123782821443,3397.5939714042875,3345.1619656727398,3300.7964223614299,3262.7688138088788,3229.8115530633349,3200.9739499109837,3175.5290059530266,3152.9112779903985,3132.6743634975201],[8535.930533095956,5075.4181548138122,3921.9140287197638,3345.1619656727398,2999.1107278445252,2768.4099026257159,2603.6235988979943,2480.0338711022032,2383.9085272610328,2307.0082521880963,2244.0898453102391,2191.6578395786914,2147.2922962673815,2109.2646877148309,2076.3074269692866,2047.4698238169353,2022.0248798589785,1999.4071518963499,1979.1702374034719],[7959.1784700489306,4498.6660917667878,3345.1619656727398,2768.4099026257159,2422.3586647975012,2191.6578395786914,2026.8715358509703,1903.2818080551797,1807.1564642140088,1730.2561891410721,1667.3377822632151,1614.9057765316672,1570.540233220358,1532.5126246678069,1499.5553639222626,1470.7177607699116,1445.2728168119547,1422.6550888493259,1402.4181743564479],[7613.1272322207169,4152.6148539385731,2999.1107278445252,2422.3586647975012,2076.3074269692866,1845.6066017504772,1680.8202980227559,1557.230570226965,1461.1052263857944,1384.2049513128579,1321.2865444350007,1268.854538703453,1224.4889953921436,1186.4613868395923,1153.5041260940482,1124.6665229416969,1099.2215789837398,1076.6038510211117,1056.3669365282337],[7382.4264070019062,3921.9140287197638,2768.4099026257159,2191.6578395786914,1845.6066017504772,1614.9057765316675,1450.1194728039461,1326.5297450081555,1230.4044011669848,1153.5041260940482,1090.5857192161909,1038.1537134846433,993.7881701733337,955.76056162078282,922.80330087523851,893.9656977228874,868.5207537649303,845.90302580230207,825.66611130942408],[7217.640103274186,3757.1277249920427,2603.6235988979943,2026.8715358509703,1680.8202980227559,1450.1194728039461,1285.3331690762247,1161.7434412804341,1065.6180974392635,988.71782236632691,925.79941548846966,873.36740975692203,829.00186644561256,790.97425789306146,758.01699714751715,729.17939399516604,703.73445003720906,681.11672207458059,660.87980758170272],[7094.0503754783949,3633.5379971962516,2480.0338711022032,1903.2818080551797,1557.230570226965,1326.5297450081555,1161.7434412804341,1038.1537134846433,942.02836964347262,865.12809457053606,802.20968769267881,749.77768196113118,705.4121386498216,667.38453009727061,634.42726935172641,605.5896661993753,580.14472224141821,557.52699427878986,537.29007978591176],[6997.9250316372245,3537.4126533550807,2383.9085272610328,1807.1564642140088,1461.1052263857944,1230.4044011669848,1065.6180974392635,942.02836964347262,845.90302580230207,769.00275072936552,706.08434385150815,653.65233811996063,609.28679480865094,571.25918625610007,538.30192551055575,509.46432235820458,484.01937840024766,461.40165043761925,441.16473594474132],[6921.0247565642885,3460.5123782821443,2307.0082521880963,1730.2561891410721,1384.2049513128579,1153.5041260940482,988.71782236632691,865.12809457053606,769.00275072936552,692.10247565642896,629.18406877857171,576.75206304702408,532.38651973571439,494.35891118316346,461.40165043761914,432.56404728526803,407.11910332731111,384.50137536468264,364.26446087180472],[6858.1063496864299,3397.5939714042875,2244.0898453102391,1667.3377822632151,1321.2865444350007,1090.5857192161909,925.79941548846966,802.20968769267881,706.08434385150815,629.18406877857171,566.26566190071446,513.83365616916683,469.46811285785725,431.44050430530621,398.483243559762,369.64564040741078,344.20069644945386,321.58296848682545,301.34605399394746],[6805.6743439548836,3345.1619656727398,2191.6578395786914,1614.9057765316672,1268.854538703453,1038.1537134846433,873.36740975692203,749.77768196113118,653.65233811996063,576.75206304702408,513.83365616916683,461.40165043761908,417.03610712630945,379.00849857375857,346.05123782821431,317.21363467586309,291.76869071790622,269.15096275527776,248.9140482623998],[6761.3088006435728,3300.7964223614299,2147.2922962673815,1570.540233220358,1224.4889953921436,993.7881701733337,829.00186644561256,705.4121386498216,609.28679480865094,532.38651973571439,469.46811285785725,417.03610712630945,372.67056381499998,334.64295526244899,301.68569451690473,272.84809136455362,247.40314740659656,224.78541944396818,204.54850495109022],[6723.2811920910217,3262.7688138088788,2109.2646877148309,1532.5126246678069,1186.4613868395923,955.76056162078282,790.97425789306146,667.38453009727061,571.25918625610007,494.35891118316346,431.44050430530621,379.00849857375857,334.64295526244899,296.61534670989801,263.6580859643538,234.82048281200261,209.37553885404566,186.75781089141722,166.52089639853924],[6690.3239313454778,3229.8115530633349,2076.3074269692866,1499.5553639222626,1153.5041260940482,922.80330087523851,758.01699714751715,634.42726935172641,538.30192551055575,461.40165043761914,398.483243559762,346.05123782821431,301.68569451690473,263.6580859643538,230.70082521880951,201.86322206645832,176.4182781085014,153.80055014587296,133.563635652995],[6661.4863281931275,3200.9739499109837,2047.4698238169353,1470.7177607699116,1124.6665229416969,893.9656977228874,729.17939399516604,605.5896661993753,509.46432235820458,432.56404728526803,369.64564040741078,317.21363467586309,272.84809136455362,234.82048281200261,201.86322206645832,173.02561891410718,147.58067495615023,124.96294699352181,104.72603250064384],[6636.04138423517,3175.5290059530266,2022.0248798589785,1445.2728168119547,1099.2215789837398,868.5207537649303,703.73445003720906,580.14472224141821,484.01937840024766,407.11910332731111,344.20069644945386,291.76869071790622,247.40314740659656,209.37553885404566,176.4182781085014,147.58067495615023,122.13573099819325,99.518003035564831,79.281088542686888],[6613.4236562725418,3152.9112779903985,1999.4071518963499,1422.6550888493259,1076.6038510211117,845.90302580230207,681.11672207458059,557.52699427878986,461.40165043761925,384.50137536468264,321.58296848682545,269.15096275527776,224.78541944396818,186.75781089141722,153.80055014587296,124.96294699352181,99.518003035564831,76.900275072936438,56.663360580058466],[6593.1867417796639,3132.6743634975201,1979.1702374034719,1402.4181743564479,1056.3669365282337,825.66611130942408,660.87980758170272,537.29007978591176,441.16473594474132,364.26446087180472,301.34605399394746,248.9140482623998,204.54850495109022,166.52089639853924,133.563635652995,104.72603250064384,79.281088542686888,56.663360580058466,36.426446087180508]],"type":"surface","frame":null}],"highlight":{"on":"plotly_click","persistent":false,"dynamic":false,"selectize":false,"opacityDim":0.20000000000000001,"selected":{"opacity":1},"debounce":0},"shinyEvents":["plotly_hover","plotly_click","plotly_selected","plotly_relayout","plotly_brushed","plotly_brushing","plotly_clickannotation","plotly_doubleclick","plotly_deselect","plotly_afterplot","plotly_sunburstclick"],"base_url":"https://plot.ly"},"evals":[],"jsHooks":[]}</script>
</div>
</div>
<ul>
<li>Para <span class="math inline">\(\alpha=0.05\)</span> y <span class="math inline">\(\varepsilon=0.3\)</span></li>
</ul>
<div class="cell">
<div class="cell-output-display">
<div class="plotly html-widget html-fill-item" id="htmlwidget-ff55f8a958e84c279a91" style="width:960px;height:480px;"></div>
